

answers <- list("what_is_true" = c("TRUE",
                                   "FALSE",
                                   "10",
                                   "\"hello\"",
                                   "NULL",
                                   "NA",
                                   "2",
                                   "0",
                                   "3",
                                   "1",
                                   "2",
                                   "TRUE",
                                   "FALSE"),
                "on_vectors" = c("x",
                                 "y",
                                 "1,2,3",
                                 '"1","2","3"',
                                 "123",
                                 "y",
                                 "x",
                                 "x",
                                 "2",
                                 '"2", "3"',
                                 '"1","3"',
                                 '"a","b","c"'),
                "on_calculations" = as.character(c(2,0, 90,256, 40000,
                                                   0, 1,  0, 200, 4,
                                                   7.389056,  3, 100, 7, 8,
                                                   3, 1, 0,  -1, 3.142, 3.14)))